180 22596 -2.46031726472786
109 22602 -2.274636260837216
48 22673 -2.1906831471374253
209 22692 -2.121396532856598
33 22746 -1.9663608642702584
198 22747 -1.8786949600680236
228 22779 -1.8292712923481478
9 22786 -1.7870463405529047
101 22794 -1.753602111830818
155 22794 -1.7481790242547735
206 22796 -1.7338947019869508
176 22800 -1.723111925580677
0 22803 -1.6967975616663091
172 22805 -1.6915587529979452
40 22826 -1.6751693947512387
240 22826 -1.5985482207034931
18 22827 -1.558884501401531
128 22829 -1.4855320226111308
115 22830 -1.4292004904700857
164 22835 -1.4152614238663705
79 22837 -1.400371359940086
58 22839 -1.394606123135182
95 22840 -1.3297590396870944
29 22844 -1.2644970512118237
153 22847 -1.259753504067984
178 22847 -1.196778756058763
7 22849 -1.1492062728001822
88 22857 -1.142750667223468
100 22857 -1.1141001200042244
53 22864 -1.10810968824381
230 22869 -1.0411089989861813
30 22871 -0.9962378363894288
123 22873 -0.9774234960800122
214 22873 -0.9443591161316062
127 22877 -0.9437662765056088
158 22883 -0.9311093036204331
216 22884 -0.9135865402504771
243 22885 -0.8665706098317171
141 22889 -0.8395600853357379
72 22898 -0.8382300463764952
47 22901 -0.8293817650698672
150 22903 -0.7968626729483631
189 22905 -0.7840207683924385
255 22917 -0.7823566711419188
5 22920 -0.7765049673320142
250 22921 -0.7643657610884012
41 22926 -0.7390482031196212
107 22929 -0.7191110037910043
137 22929 -0.7077126490910642
67 22931 -0.6630665747855301
187 22933 -0.6570912589549647
196 22934 -0.6384630874057499
146 22935 -0.6366280321486677
21 22939 -0.6302214125220266
185 22939 -0.6162936929525739
247 22939 -0.5957092787943671
253 22939 -0.5539307016928551
235 22940 -0.5355098615313949
251 22940 -0.5286149886572128
62 22941 -0.5157620492302873
173 22944 -0.5149442009545555
207 22945 -0.46395582288759835
51 22946 -0.450242667495465
138 22948 -0.4495452057536919
245 22948 -0.4480781549472941
28 22949 -0.44128163294481004
31 22949 -0.43649171670856235
64 22953 -0.4284222406160977
35 22957 -0.41408209737217744
174 22957 -0.4135664893685699
56 22960 -0.4134041124814252
108 22960 -0.4109836093741535
20 22962 -0.4081370159717389
8 22965 -0.4063151338348736
170 22965 -0.39806172637619464
13 22966 -0.39593951294876556
68 22966 -0.3958204320181715
134 22969 -0.39543686672103845
220 22969 -0.376812059082962
23 22970 -0.3565176107514149
37 22970 -0.3505450336841763
152 22970 -0.34678422389242236
218 22970 -0.3374698318740926
38 22975 -0.30866976371094595
182 22975 -0.2759161433272927
252 22976 -0.26277814330424704
221 22979 -0.2624738922357143
148 22980 -0.24960163727753706
19 22982 -0.24596373611941716
63 22983 -0.2403448589303922
133 22983 -0.23560926283054204
201 22986 -0.2346785005742549
106 22987 -0.2264303567844572
112 22988 -0.18641145866207112
118 22990 -0.15896098913285783
193 22990 -0.14539254447458558
197 22990 -0.1331183086712265
163 22991 -0.13080157747443777
244 22996 -0.12992019575277552
222 22997 -0.12244098472110174
70 22998 -0.1079997827914868
190 22998 -0.1068142185287227
130 22999 -0.10221416898894234
159 22999 -0.10164472032986295
50 23000 -0.08281292306230653
213 23000 -0.07449601149055163
136 23001 -0.05979721394979777
179 23005 -0.050327719554129936
203 23005 -0.04861200330473773
121 23009 -0.04650276623025589
61 23010 -0.039921322932114235
249 23012 -0.036418443505879895
3 23015 -0.03325986907295458
76 23016 -0.010314637958958406
239 23021 -0.0035816971585784832
73 23022 0.00745184907466684
223 23023 0.01743163523352188
143 23026 0.026034398959629817
191 23026 0.030265844962274545
46 23029 0.03282605583914462
145 23029 0.040891462702385056
238 23030 0.0670985093731254
25 23033 0.08381504274153148
224 23033 0.08745133963672602
246 23034 0.0960383843190435
52 23035 0.10537518953386585
162 23036 0.10965717643504189
131 23039 0.11357286090452265
225 23039 0.139609533831109
1 23046 0.15537254175429546
144 23048 0.16008798631240417
227 23051 0.17031805366477723
125 23052 0.17089114157813698
49 23053 0.1747095244176394
233 23056 0.17812403559194975
65 23057 0.18384405005556112
83 23057 0.20261869936098748
10 23060 0.22249229333035458
57 23060 0.22685111571338934
184 23060 0.2357559211813746
71 23062 0.2480802861102277
149 23062 0.2497361419571535
2 23064 0.25869836485374786
157 23064 0.26797628710345117
119 23067 0.2686052794341163
12 23068 0.28226659933351345
114 23068 0.2850238354874773
26 23071 0.297137755975141
171 23071 0.2986736133719738
217 23073 0.32896134870730487
32 23075 0.3311669956820055
14 23076 0.3361579684286103
254 23077 0.3363340834023271
4 23078 0.33766594942157024
236 23078 0.35069250955086373
84 23080 0.35580399812331953
91 23082 0.3571057238462358
194 23082 0.37799412643097535
237 23085 0.3880168233055406
135 23086 0.392855909275482
156 23087 0.40125531764461936
160 23088 0.41854238357948925
167 23088 0.42681381345399083
219 23090 0.44253814324129775
229 23091 0.4573540619770204
165 23092 0.45997416230323296
24 23093 0.4761245216133171
140 23098 0.48077850920908227
122 23104 0.4832899583007435
6 23105 0.5088918462117771
77 23105 0.5316519593986728
86 23106 0.53385763044485
66 23108 0.5403893724359565
81 23111 0.5437831622481869
97 23113 0.5587248857074336
205 23114 0.5689257327648798
104 23115 0.5732260365823538
124 23115 0.5790648818797314
126 23115 0.5863557484517488
16 23117 0.6025844759666692
139 23118 0.6481117850051604
17 23119 0.6485386247545453
166 23121 0.6575458074242269
15 23123 0.6693172756563267
186 23123 0.6715600712962138
212 23123 0.7116436417175123
45 23124 0.7149104502461144
82 23124 0.723805375497783
154 23124 0.7266883640049177
103 23125 0.7536314055537257
22 23126 0.7871196197559991
59 23126 0.7890128124608692
94 23127 0.8001901301217197
195 23127 0.8068412823940657
55 23133 0.8172741999234004
226 23133 0.81734148574755
120 23137 0.8177900132804825
27 23138 0.8368545543958709
34 23143 0.842559890944707
192 23145 0.8438598108714241
169 23148 0.8664049810740956
87 23151 0.8791789104206766
210 23151 0.8887712371979285
168 23152 0.8910233722947783
183 23154 0.9048105240861458
147 23158 0.9270331558459759
188 23158 0.9464395797669531
74 23163 0.9536745487689214
151 23164 0.9590388745375353
98 23168 0.9681456453646042
234 23171 1.0010729555543276
69 23178 1.021784860155418
99 23182 1.0865948069198126
90 23183 1.0924662054852565
89 23185 1.1044651305043383
111 23187 1.1188975333370803
177 23187 1.133137748445644
232 23189 1.1422817089303579
242 23190 1.1554392315613593
80 23197 1.1642913270138173
39 23200 1.17234017571976
116 23200 1.172512154408758
92 23203 1.201143666295223
202 23205 1.2042919378615906
105 23206 1.2065743044819655
199 23207 1.2425105315406184
42 23214 1.2479046503662776
211 23217 1.2621533498875346
175 23225 1.2992172221421832
44 23227 1.3275875793020255
142 23228 1.3699420772331385
75 23230 1.391450014248276
248 23236 1.3943187623390962
11 23239 1.4165359063518568
36 23243 1.4794325323357123
43 23243 1.4899516954828849
231 23244 1.494260609316861
85 23245 1.4949983884475397
110 23246 1.4998934531223747
54 23254 1.5091164304570208
113 23262 1.529518434078059
215 23264 1.5553209423999248
78 23265 1.6162220342231355
161 23265 1.6389581095778165
60 23270 1.6951222684192695
132 23286 1.7046650256805183
102 23289 1.733320389923691
204 23296 1.8083002151391814
96 23297 1.8837257752236276
200 23346 1.938723766321436
208 23346 2.092741575947862
129 23358 2.2502375295052426
241 23375 2.250643870041256
181 23381 2.614905998067272
93 23384 2.6203443303340177
117 23387 2.991772197316667
