144 22598 -3.022755699410386
154 22611 -2.6974549770220064
253 22665 -2.678917396025641
12 22678 -2.488501945079611
55 22678 -2.0876441583872776
137 22703 -2.082294149997406
146 22703 -2.011136444573174
184 22721 -1.9862629935022151
234 22740 -1.9643589008271158
238 22745 -1.879330658361995
212 22749 -1.8718310162360774
121 22779 -1.8697235585492364
32 22780 -1.8212016366027748
189 22785 -1.8045996752819633
74 22788 -1.7318264883694483
226 22792 -1.6859628118404568
221 22803 -1.6776724424781055
174 22812 -1.6464158120255437
220 22812 -1.6318666719616606
23 22819 -1.5429329454125835
197 22822 -1.520167412041899
85 22828 -1.499151821847258
138 22840 -1.4758146983792557
56 22843 -1.4673643797090175
211 22845 -1.4597471430140656
113 22848 -1.4544704643508881
210 22849 -1.4089491484547034
34 22851 -1.399056251202007
136 22853 -1.350352170225123
77 22854 -1.350335538536487
214 22858 -1.3294972821630147
45 22866 -1.3256388656322289
104 22866 -1.314425438666962
192 22869 -1.2928031395973905
215 22869 -1.2675152065787814
50 22874 -1.2669553445730577
168 22876 -1.2502052990298673
7 22879 -1.2375037993622227
183 22879 -1.237404357241165
157 22880 -1.1802224484527521
216 22881 -1.1206930240162154
166 22883 -1.091321720642181
177 22886 -1.0491885569631194
139 22890 -1.0460143486994127
86 22891 -1.0453095679273856
250 22893 -1.0323799183309996
47 22894 -1.0248766024778384
153 22894 -1.0184217507908586
235 22896 -0.99519286351714
42 22908 -0.9907491618316207
93 22909 -0.9814532899276525
133 22916 -0.9528747162384198
11 22917 -0.9513426699320845
222 22920 -0.9304556780530009
204 22923 -0.9213007015938808
111 22925 -0.9116215527211724
99 22926 -0.8595030832874697
152 22927 -0.8581940468778613
18 22928 -0.8545240478966017
31 22929 -0.8210440686210285
64 22929 -0.8146164360869625
0 22930 -0.7969756358444173
9 22930 -0.7509618995753186
200 22937 -0.7402438973162151
27 22943 -0.7372000307502296
155 22943 -0.7354965729545504
20 22944 -0.7296714662964968
44 22944 -0.7236568362749644
164 22944 -0.7046295843684255
163 22945 -0.7046025410970669
195 22947 -0.6890899151067128
194 22948 -0.6820870212788633
149 22951 -0.6678901379019129
43 22952 -0.6598992455908704
188 22957 -0.6477575903886031
81 22958 -0.6325214906312602
57 22960 -0.6248894074783691
79 22960 -0.6190056432760456
242 22960 -0.6089159436634161
240 22962 -0.6079101630382542
147 22963 -0.5987206661039691
224 22965 -0.5830039646773996
169 22967 -0.5780275050486725
248 22967 -0.5751101690839515
239 22968 -0.5641117647752114
118 22971 -0.5635238431171982
148 22971 -0.5507791662508507
29 22972 -0.5416249462601618
51 22975 -0.5408123244702948
247 22975 -0.505479823102457
233 22977 -0.4919270421090397
255 22977 -0.48398860099550306
5 22983 -0.46663353500941074
80 22985 -0.46283415264505895
150 22985 -0.448248463935294
208 22985 -0.4315340719304308
87 22986 -0.41886308863496147
97 22987 -0.41477293073569405
206 22987 -0.40887979663509444
244 22988 -0.3993165371766895
2 22989 -0.3738829422913362
141 22989 -0.3729555076349504
151 22989 -0.37131666339463315
176 22989 -0.356275922207047
185 22989 -0.3308893346620433
227 22992 -0.32580707910107815
38 22993 -0.3073446183618326
53 22995 -0.3022295976665556
187 22996 -0.2908693074043305
198 22996 -0.28981056689122636
98 22997 -0.286849446071223
58 22998 -0.2527039122650722
182 23000 -0.20725484690304352
36 23001 -0.1970148368821044
115 23002 -0.19521257381602333
73 23007 -0.1640467037620469
46 23012 -0.1593565385844371
205 23012 -0.15206410196059222
159 23015 -0.14450276300398548
129 23020 -0.13815144876298116
37 23021 -0.1255037619821623
162 23023 -0.12205881798446364
207 23024 -0.11775714290918295
213 23026 -0.1139580742153594
130 23027 -0.11131974468778628
16 23030 -0.09609213959634091
60 23032 -0.08479789984502809
65 23032 -0.018437365761267907
218 23033 -0.004609937075882478
254 23034 0.010190423424565413
191 23035 0.01680060363002483
201 23036 0.020594907068023072
14 23039 0.02539499396536546
199 23039 0.03363987923916252
126 23042 0.045807799254590706
40 23043 0.061245576359834984
8 23047 0.06211037258606032
173 23053 0.07210841619500302
143 23055 0.08771089985040055
21 23062 0.09571184183985278
101 23063 0.10769276500280688
4 23064 0.15896480663911025
26 23065 0.16884538862607315
41 23065 0.1924362924227865
120 23066 0.19289011787439278
6 23072 0.19329163297189586
102 23073 0.20648415125765288
49 23074 0.21950297690466083
193 23074 0.24029379186768485
22 23075 0.2472417830775633
223 23075 0.2527294407559857
175 23077 0.26548356760766567
39 23081 0.27627682746867926
232 23084 0.2887907464980798
17 23086 0.2937303460340625
106 23086 0.3183912198484247
122 23090 0.3209744558038339
24 23091 0.32166786447108564
76 23093 0.33768397657273175
52 23097 0.3392681181922323
15 23099 0.3401023784572495
1 23100 0.36453304306371637
66 23100 0.37640167555487375
105 23101 0.3908126529069543
127 23104 0.40287346385621914
241 23106 0.40381189047181326
61 23110 0.4097680721999108
19 23111 0.4236826614933516
165 23111 0.435449755179014
140 23113 0.4409394574561435
114 23114 0.44158674600095144
94 23116 0.4421916457284113
25 23117 0.46767445872170904
170 23118 0.4777732144053847
119 23120 0.4910446474622194
128 23120 0.49526956449552617
142 23122 0.498807256227207
123 23124 0.5006936034328708
179 23125 0.5111938890366733
67 23127 0.5152171131835526
237 23128 0.5180772099005374
88 23130 0.5247866430960937
28 23133 0.5396630141175828
196 23134 0.5463735234639555
202 23135 0.561431022104043
70 23136 0.5702060272105413
160 23136 0.5710993412253343
203 23140 0.5972249361190399
225 23142 0.6098184899317798
71 23143 0.6130638641325714
96 23143 0.6290722763010969
186 23143 0.6332646934059655
90 23144 0.663585042833611
228 23144 0.6796995849665504
161 23146 0.7025942036132061
89 23152 0.7038123620301051
124 23152 0.7070853559238965
91 23156 0.7120391642564435
231 23157 0.7471277945124053
10 23159 0.748894730861776
246 23166 0.7579612275066319
82 23167 0.7604565392789089
135 23167 0.7617726751719857
145 23169 0.7776474622736338
243 23172 0.778837701094245
30 23173 0.782227990308401
251 23175 0.7881132921954452
190 23177 0.8233517646571327
84 23181 0.8452788488666019
252 23181 0.8836523438578039
117 23183 0.8914365680406175
167 23187 0.897923749550643
69 23189 0.9582520868401481
172 23189 0.9673787407053505
100 23192 0.9949795015381903
95 23197 1.0275577839647227
181 23197 1.033312149992726
92 23201 1.0535869274764005
68 23202 1.0735253722977727
35 23205 1.119296711537777
131 23209 1.1205417685067898
75 23212 1.124758659635664
219 23216 1.1288446886050416
33 23228 1.1371420796140588
110 23228 1.1402620578499496
112 23228 1.1545389062213518
83 23229 1.2538479393667585
217 23234 1.2771811753588733
230 23243 1.2848913422425208
3 23245 1.299446475348113
116 23249 1.3042981495044874
156 23252 1.338425260333539
48 23263 1.3703662510704846
158 23265 1.409324031692996
245 23267 1.4247533412401128
103 23278 1.4342642243362946
134 23283 1.4826623982938418
109 23297 1.5063629572737491
63 23298 1.5452703864661546
180 23315 1.6556020153068969
54 23316 1.6619181332490922
125 23316 1.677615268007751
72 23322 1.6879221975837342
209 23338 1.7112454507608803
249 23342 1.7217727538169472
178 23346 1.7223781359464947
62 23351 1.8167113019343253
78 23355 1.8564723768316405
108 23355 2.034769166705779
132 23360 2.077131569212063
59 23362 2.178143967096577
107 23365 2.1952093998466107
13 23368 2.271526500022709
171 23371 2.3892350820829305
229 23377 2.5947121248225766
236 23387 2.7762598787520725
